0 0.40625 0.474609375 0.4375 0.517578125 0.44921875 0.5234375 0.48046875 0.5234375 0.5 0.51171875 0.509765625 0.498046875 0.529296875 0.451171875 0.537109375 0.41015625 0.529296875 0.318359375 0.50390625 0.267578125 0.48046875 0.25390625 0.44921875 0.255859375 0.42578125 0.28125 0.3984375 0.345703125 0.39453125 0.421875 0.40625 0.474609375
0 0.13671875 0.958984375 0.15625 0.986328125 0.173828125 0.998046875 0.205078125 0.998046875 0.216796875 0.9921875 0.25 0.955078125 0.2734375 0.88671875 0.2734375 0.82421875 0.259765625 0.7734375 0.224609375 0.73046875 0.1875 0.724609375 0.1484375 0.75 0.119140625 0.818359375 0.1171875 0.8984375 0.13671875 0.958984375
0 0.380859375 0.111328125 0.392578125 0.162109375 0.42578125 0.21875 0.458984375 0.224609375 0.47265625 0.21875 0.498046875 0.193359375 0.517578125 0.1484375 0.525390625 0.099609375 0.525390625 0.05078125 0.517578125 0.00390625 0.38671875 0 0.380859375 0.029296875 0.380859375 0.111328125
0 0.224609375 0.587890625 0.236328125 0.626953125 0.25 0.654296875 0.26953125 0.673828125 0.291015625 0.681640625 0.322265625 0.6796875 0.35546875 0.642578125 0.3671875 0.611328125 0.3671875 0.53125 0.35546875 0.48046875 0.328125 0.44140625 0.29296875 0.423828125 0.267578125 0.4296875 0.236328125 0.48046875 0.224609375 0.53125 0.224609375 0.587890625
0 0.58203125 0.5625 0.59375 0.591796875 0.630859375 0.630859375 0.671875 0.625 0.705078125 0.5859375 0.716796875 0.54296875 0.716796875 0.48046875 0.69921875 0.41796875 0.671875 0.38671875 0.63671875 0.380859375 0.599609375 0.412109375 0.580078125 0.458984375 0.576171875 0.5234375 0.58203125 0.5625
0 0.255859375 0.38671875 0.2734375 0.40625 0.287109375 0.412109375 0.31640625 0.412109375 0.328125 0.40625 0.3671875 0.3671875 0.384765625 0.318359375 0.38671875 0.20703125 0.3671875 0.150390625 0.349609375 0.12890625 0.322265625 0.111328125 0.28515625 0.111328125 0.26953125 0.119140625 0.25 0.142578125 0.224609375 0.21875 0.224609375 0.3046875 0.255859375 0.38671875
0 0.71875 0.4296875 0.736328125 0.474609375 0.767578125 0.50390625 0.8046875 0.50390625 0.8359375 0.47265625 0.853515625 0.421875 0.853515625 0.37890625 0.8359375 0.3125 0.82421875 0.29296875 0.8046875 0.28125 0.7734375 0.28125 0.7421875 0.3046875 0.724609375 0.341796875 0.71875 0.369140625 0.71875 0.4296875
0 0.630859375 0.83203125 0.666015625 0.859375 0.69921875 0.853515625 0.72265625 0.818359375 0.73046875 0.787109375 0.734375 0.736328125 0.716796875 0.6796875 0.693359375 0.65625 0.662109375 0.650390625 0.630859375 0.673828125 0.61328125 0.712890625 0.61328125 0.787109375 0.630859375 0.83203125
0 0.388671875 0.849609375 0.42578125 0.888671875 0.447265625 0.8984375 0.48046875 0.892578125 0.51171875 0.84765625 0.5234375 0.8046875 0.5234375 0.736328125 0.50390625 0.67578125 0.47265625 0.642578125 0.4296875 0.64453125 0.392578125 0.681640625 0.380859375 0.71875 0.380859375 0.826171875 0.388671875 0.849609375
0 0.55078125 0.998046875 0.669921875 0.99609375 0.67578125 0.9609375 0.673828125 0.90625 0.66015625 0.8671875 0.642578125 0.84765625 0.6171875 0.8359375 0.5859375 0.837890625 0.5625 0.86328125 0.548828125 0.89453125 0.54296875 0.9609375 0.55078125 0.998046875
0 0.53125 0.26953125 0.54296875 0.3125 0.5625 0.34375 0.587890625 0.3671875 0.625 0.3671875 0.66015625 0.341796875 0.69140625 0.26171875 0.693359375 0.201171875 0.6796875 0.14453125 0.63671875 0.080078125 0.6171875 0.072265625 0.59375 0.072265625 0.57421875 0.080078125 0.5625 0.09375 0.55078125 0.111328125 0.537109375 0.154296875 0.53125 0.185546875 0.53125 0.26953125
0 0.46875 0.998046875 0.46875 0.96875 0.455078125 0.923828125 0.4453125 0.908203125 0.416015625 0.888671875 0.369140625 0.89453125 0.34375 0.931640625 0.33203125 0.9609375 0.32421875 0.998046875 0.46875 0.998046875